mem2.bash 36281

0:00.07 0.8 226052 6484 2932 43.8 631.2 734.2
0:00.49 3.3 246776 27340 2932 46.7 589.8 734.2
0:00.94 5.8 267896 48460 2932 43.8 549.2 734.2
0:01.39 8.4 289544 70108 2932 46.7 507.9 734.2
0:01.81 10.8 309872 90432 2932 46.7 467.5 734.2
0:02.25 13.3 330728 111288 2932 46.7 427.2 734.2
0:02.68 15.8 351584 132144 2932 46.7 386.5 734.2
0:03.12 18.2 372308 152736 2932 43.8 347.9 734.2
0:03.56 19.9 385904 166464 2932 53.3 322.8 734.2
0:03.99 21.4 398708 179400 2932 46.7 296.9 734.2
0:04.42 22.9 411644 192336 2932 50.0 271.6 734.3
0:04.86 24.5 424448 205008 2932 53.3 248.2 734.3
0:05.29 26.0 437384 217944 2932 43.8 221.9 734.3
0:05.73 27.6 450848 231408 2932 50.0 195.3 734.5
0:06.13 29.1 463256 243816 2932 40.0 167.6 735.0
0:06.57 30.6 475796 256488 2932 50.0 143.1 735.0
0:07.00 32.2 488996 269688 2932 43.8 116.9 735.0
0:07.44 33.7 502196 282624 2932 53.3 90.9 735.0
0:07.87 35.3 515396 295824 2932 46.7 65.8 735.0
0:08.31 36.8 528332 308760 2932 50.0 69.9 733.1
0:08.95 38.8 548000 324936 2696 43.8 57.4 591.8
0:10.67 38.0 614792 318204 1000 43.8 46.6 570.2
0:11.11 38.1 628124 319364 1000 43.8 61.8 545.4
0:11.53 38.0 640664 318588 1000 40.0 62.9 524.4
0:11.98 38.3 654392 321100 1000 53.3 63.4 493.9
0:12.38 37.9 666140 317768 1000 43.8 60.0 462.1
0:12.79 38.0 678548 318932 1000 40.0 62.2 442.1
0:13.21 37.6 695840 315512 1000 41.2 61.4 411.8
0:13.66 37.7 716696 316020 1000 43.8 60.6 366.9
0:14.07 37.8 736628 317228 1000 53.3 60.5 327.4
0:14.51 38.2 753920 319988 1000 46.7 61.7 301.1
0:14.91 37.8 766196 317340 1000 43.8 51.4 275.1
0:15.32 37.7 778868 315884 1000 40.0 63.0 252.4
0:15.75 37.7 791672 316168 1000 43.8 62.0 226.1
0:16.30 38.2 808568 320416 1000 50.0 63.0 192.5
0:16.70 37.8 820844 316744 1000 40.0 52.5 164.7
0:17.12 37.7 833912 316276 1000 37.5 57.8 151.9
0:17.55 38.3 846848 321376 1000 46.7 58.6 117.6
0:17.96 37.8 865592 316692 1000 37.5 60.9 71.9
0:18.44 38.2 888560 320216 1000 50.0 55.3 22.6
