mem1.bash 36283

0:00.07 0.8 226052 6516 2976 46.7 630.5 734.2
0:00.52 3.4 247436 28164 2976 53.3 590.3 734.2
0:00.95 5.8 268556 49020 2976 46.7 548.6 734.2
0:01.39 8.4 289412 70140 2976 46.7 507.4 734.2
0:01.83 10.9 310268 90992 2976 50.0 466.9 734.2
0:02.27 13.3 331124 111584 2976 50.0 426.7 734.2
0:02.69 15.7 351320 131912 2976 46.7 386.0 734.2
0:03.13 18.3 372572 153296 2976 43.8 348.4 734.2
0:03.57 19.9 386036 166496 2976 43.8 322.2 734.2
0:04.00 21.4 398972 179432 2976 43.8 297.5 734.2
0:04.43 22.9 411776 192368 2976 53.3 272.1 734.3
0:04.86 24.5 424448 205040 2976 43.8 247.6 734.3
0:05.29 26.0 437120 217712 2976 43.8 221.2 734.3
0:05.72 27.5 450452 230912 2976 43.8 195.3 734.5
0:06.15 29.1 463124 243848 2976 50.0 168.3 735.0
0:06.57 30.6 475664 256256 2976 53.3 142.5 735.0
0:07.00 32.1 488732 269456 2976 43.8 117.5 735.0
0:07.43 33.7 501800 282392 2976 43.8 91.6 735.0
0:07.87 35.2 514736 295328 2976 50.0 65.3 735.0
0:08.32 36.8 528200 308792 2976 53.3 69.9 733.1
0:08.97 38.7 547868 324704 2712 50.0 57.4 591.8
0:10.68 37.9 614396 318088 972 50.0 47.1 570.2
0:11.11 38.0 627728 318896 972 43.8 61.2 545.4
0:11.53 37.9 640400 317976 972 40.0 62.4 524.4
0:11.98 38.3 653996 320860 972 53.3 61.6 493.9
0:12.38 37.9 666140 317680 972 40.0 61.6 462.1
0:12.80 38.0 678680 318944 972 50.0 63.5 442.1
0:13.22 37.6 695840 315640 972 41.2 60.9 411.8
0:13.65 37.6 716168 315252 972 43.8 58.8 366.9
0:14.07 37.7 735968 316068 972 37.5 59.9 327.4
0:14.51 38.1 752996 319152 972 50.0 60.6 307.4
0:14.93 37.8 766064 317248 972 46.7 61.2 275.1
0:15.34 37.6 778472 315668 972 43.8 64.7 252.4
0:15.75 37.7 791144 315684 972 40.0 61.4 226.1
0:16.29 38.1 807776 319648 972 43.8 62.2 192.5
0:16.71 37.7 820316 316440 972 46.7 53.1 164.7
0:17.13 37.7 833384 315988 972 37.5 58.3 151.9
0:17.55 38.3 846188 321196 972 43.8 59.1 117.6
0:17.96 37.7 864668 315824 972 43.8 60.2 71.9
0:18.43 38.1 887372 319140 972 37.5 55.5 22.6
0:18.90 37.9 908228 318104 972 37.5 63.7 0.0
0:20.61 42.0 953108 352120 1412 90.9 316.5 363.6
0:21.28 44.4 973304 372448 1412 93.3 293.1 363.8
0:21.97 46.8 993236 392512 1412 93.3 273.7 363.8
0:22.66 49.8 1017788 417304 1668 87.5 245.4 363.8
0:23.36 53.7 1050920 450304 1668 93.3 209.4 363.8
0:24.08 57.8 1085372 484888 1668 87.5 179.2 363.8
0:24.79 60.5 1107548 507064 1668 93.3 157.6 363.8
0:25.50 63.0 1129064 528448 1668 93.3 136.4 363.8
0:26.19 65.6 1150316 549832 1668 87.5 116.5 363.8
0:26.88 68.1 1171568 570952 1668 93.3 95.4 363.8
0:27.59 70.7 1193216 592600 1668 93.8 73.9 363.8
0:28.30 73.3 1214996 614512 1668 93.3 52.7 359.8
0:29.06 74.5 1238360 624768 1668 75.0 60.8 346.1
0:29.81 75.6 1261196 634248 1616 99.9 61.5 327.0
0:30.47 75.7 1281524 634936 1616 75.0 65.3 288.0
0:31.46 75.5 1311620 633272 1616 99.9 61.9 272.7
0:32.20 76.4 1346732 640464 1616 93.8 67.1 240.9
0:32.86 75.5 1368908 633216 1616 80.0 63.0 223.7
0:33.58 75.9 1390556 636752 1616 99.9 60.0 197.1
0:34.26 75.2 1411544 630644 1616 87.5 56.1 187.5
0:34.94 76.3 1431872 639440 1616 80.0 62.1 144.6
0:35.83 74.7 1458800 626216 1616 99.9 60.1 128.6
0:36.54 75.1 1480580 629728 1616 81.2 55.5 102.2
0:37.24 75.6 1501568 633632 1616 99.9 57.4 88.7
0:38.04 75.1 1525856 629660 1616 93.3 66.7 57.3
0:38.72 74.3 1546316 623160 1616 86.7 57.4 37.6
0:39.43 75.2 1577336 630244 1616 99.9 60.9 3.6
