1 115785728
10 0
11 0
1115 61440
1116 114688
1118 2191360
12 0
13 0
1409 110592
1414 0
142 0
1420 753664
143 0
144 0
1446 102400
1447 4096
145 0
146 0
1467 4096
1468 212992
147 0
15 0
16 0
17 0
18 0
1832 0
1836 0
1857 0
1858 
1859 
1860 
19 0
2 0
20 0
21 0
22 0
23 0
24 0
25 0
26 0
27 0
28 0
29 0
3 0
30 0
31 0
33 0
35 1040384
395 0
4 0
440 0
441 0
442 0
443 0
444 0
445 36864
446 0
447 0
448 0
453 0
49 0
5 0
511 0
520 0
533 0
534 0
558 0
559 0
6 0
649 163840
675 19357696
7 0
729 0
735 0
736 0
755 0
756 0
764 0
765 0
767 0
768 0
769 0
770 0
771 0
772 0
773 16384
794 892928
797 98304
8 0
812 0
814 0
816 0
826 1990656
827 4718592
830 401408
831 6238208
837 11341824
841 1761280
845 499712
846 708608
848 2584576
853 0
856 778240
862 348160
865 8028160
867 258048
880 4583424
890 3248128
892 1196032
9 0
